,POSITION_x,HEIGHT_WO_SHOES,WEIGHT,WINGSPAN,STANDING_REACH,DRAFT_CLASS,PLAYER_AGE,GP,GS,MIN,FGM,FGA,FG_PCT,FG3M,FG3A,FG3_PCT,FTM,FTA,FT_PCT,OREB,DREB,REB,AST,STL,BLK,TOV,PF,PTS,5th_YR_SALARY,grades,5YR_pie_bin
142,2,74.75,194.4,77.0,99.0,2009,22,35,35,31.9,7.3,15.5,0.472,2.2,5.7,0.388,4.3,5.7,0.745,2.0,3.5,5.5,2.1,1.6,0.4,1.8,2.1,21.1,8050000,85,average
143,5,81.0,236.0,88.75,111.5,2010,21,36,36,26.8,4.1,7.4,0.562,0.0,0.0,,3.0,4.4,0.679,3.1,6.8,9.8,0.9,0.8,3.5,1.6,2.6,11.3,981084,93,max
144,3,79.25,216.0,87.25,108.5,2010,19,31,30,31.3,5.4,12.1,0.447,0.6,2.1,0.273,4.5,6.4,0.698,4.3,6.4,10.7,1.3,1.4,1.4,3.2,2.9,15.8,981084,96,average
145,3,79.5,217.8,83.25,104.5,2010,21,34,34,37.1,7.4,14.8,0.5,1.2,3.0,0.416,5.9,6.4,0.917,2.1,6.9,8.9,2.1,1.0,0.8,2.4,2.6,21.9,981084,94,average
146,1,72.25,191.6,79.5,98.0,2010,20,37,35,30.3,3.9,8.4,0.462,1.3,3.5,0.383,2.2,3.3,0.667,0.5,2.6,3.1,2.9,1.4,0.3,3.0,2.2,11.3,12173913,90,max
147,4,78.25,235.8,81.75,106.0,2010,22,32,32,30.8,5.9,11.3,0.521,0.3,1.1,0.265,3.2,5.3,0.591,2.8,5.6,8.4,2.5,1.3,1.4,1.9,2.0,15.2,5000000,90,above average
148,2,74.0,180.4,79.25,98.5,2010,19,34,32,29.5,4.7,10.8,0.432,1.2,3.3,0.375,1.1,1.9,0.545,1.0,1.9,2.9,2.1,1.3,0.5,1.5,2.4,11.6,7191011,93,average
150,2,75.0,198.4,79.0,101.0,2010,21,35,34,32.8,7.4,16.1,0.462,2.3,5.8,0.391,3.4,4.4,0.773,1.0,3.8,4.7,2.9,1.3,0.2,2.4,1.6,20.5,0,89,minimum
151,4,81.0,226.6,84.0,108.0,2010,21,23,23,27.9,4.8,8.3,0.578,0.0,0.0,,3.8,5.7,0.659,2.9,6.7,9.6,1.0,0.4,2.8,2.0,1.8,13.4,981084,94,above average
152,4,80.75,245.2,88.0,110.0,2010,18,36,35,27.5,5.0,8.1,0.611,0.0,0.0,0.0,2.5,4.0,0.629,3.0,5.4,8.4,1.0,0.9,2.1,2.5,2.6,12.4,12833333,98,max
153,3,79.75,214.4,83.25,107.0,2010,20,29,29,33.2,5.3,12.5,0.424,2.0,5.8,0.353,4.1,4.6,0.909,1.9,5.3,7.2,3.0,2.2,0.8,3.2,2.9,16.8,15925680,95,above average
154,2,76.0,185.1,79.25,102.0,2010,20,31,30,36.1,5.8,13.9,0.421,1.5,5.0,0.308,4.9,6.1,0.8,1.8,4.2,6.0,4.1,1.8,0.4,2.8,1.5,18.1,0,89,minimum
155,3,78.75,211.0,79.75,103.0,2010,20,37,37,33.5,4.7,10.1,0.464,1.3,4.3,0.294,4.8,5.8,0.829,1.9,6.3,8.2,1.7,1.1,0.8,2.3,2.1,15.5,14746000,92,max
156,2,77.25,210.2,83.25,105.0,2010,19,36,36,27.5,4.5,9.8,0.458,1.9,4.6,0.418,2.5,3.2,0.783,1.2,3.2,4.4,1.5,1.5,0.5,1.9,1.8,13.4,1082000,93,minimum
157,2,77.25,203.6,81.25,104.5,2010,22,35,35,33.6,5.5,12.5,0.44,1.1,3.1,0.361,3.7,5.7,0.653,2.1,7.1,9.3,4.6,1.3,0.4,3.0,1.9,15.9,0,89,minimum
158,3,78.25,226.6,84.75,107.0,2010,22,34,34,30.3,6.2,12.3,0.501,1.1,2.8,0.383,4.6,6.8,0.674,3.1,7.1,10.3,1.0,1.7,1.2,2.0,2.9,18.0,0,92,minimum
159,3,78.25,206.4,85.0,106.0,2010,22,35,35,35.0,5.9,11.8,0.502,1.5,3.5,0.415,3.2,4.1,0.772,2.1,6.4,8.5,2.2,1.7,1.8,2.3,2.1,16.5,981084,97,average
160,1,74.0,195.2,80.0,99.5,2010,21,34,34,34.5,6.4,13.0,0.495,0.5,2.1,0.239,2.4,3.5,0.678,0.8,2.6,3.4,5.6,0.8,0.4,3.4,1.8,15.7,0,91,minimum
161,4,81.75,246.6,86.25,108.5,2010,20,34,34,34.2,5.9,11.3,0.525,0.2,0.8,0.259,4.1,6.1,0.66,2.2,7.5,9.6,3.8,1.2,1.5,3.3,2.6,16.1,5479934,96,max
162,5,80.75,269.2,88.25,110.5,2010,19,38,0,13.2,1.3,2.4,0.527,0.0,0.1,0.0,0.9,1.7,0.524,1.2,2.1,3.3,0.4,0.6,1.4,1.0,2.3,3.4,0,92,minimum
163,4,80.0,239.6,85.25,107.0,2010,21,38,38,33.0,5.7,9.8,0.575,0.6,1.8,0.348,2.4,3.4,0.692,3.1,4.4,7.4,0.9,0.7,1.3,1.1,1.6,14.3,5831326,96,above average
164,4,81.25,222.4,89.75,112.0,2010,21,35,32,26.9,5.6,10.5,0.534,0.1,0.5,0.25,3.1,4.8,0.641,3.0,6.1,9.1,1.0,0.7,2.6,1.7,2.9,14.4,11000000,92,average
165,2,76.5,227.0,82.5,103.0,2010,19,34,32,28.2,4.8,10.8,0.44,0.5,2.1,0.219,2.3,3.5,0.664,1.9,3.5,5.4,2.5,0.9,0.2,2.4,1.9,12.3,9000000,91,average
166,2,77.75,213.8,80.0,103.5,2010,21,31,31,35.8,7.6,14.7,0.519,0.6,1.8,0.364,4.5,5.9,0.758,2.0,7.2,9.2,6.0,1.7,0.9,4.4,2.8,20.4,3278000,97,above average
167,4,80.75,237.4,88.5,106.5,2010,23,36,36,35.1,5.3,10.8,0.49,0.2,0.7,0.269,3.1,4.5,0.685,3.6,6.2,9.8,2.7,0.8,3.7,2.4,2.4,13.9,981084,92,average
169,5,82.5,226.6,91.0,113.0,2010,21,34,23,26.1,4.9,9.4,0.524,0.1,0.1,0.6,3.2,5.5,0.588,2.7,6.2,8.9,0.3,0.6,5.4,1.9,2.4,13.1,769881,94,max
170,2,77.0,192.6,82.0,103.5,2011,19,38,37,31.4,6.6,14.1,0.469,0.7,2.5,0.292,6.6,7.9,0.825,2.4,4.1,6.5,2.9,1.1,0.3,2.6,2.3,20.5,9213484,95,above average
171,3,78.0,222.2,79.5,101.5,2011,21,37,35,34.6,5.1,10.3,0.49,0.5,1.6,0.345,5.1,6.5,0.783,2.4,3.6,6.1,2.3,1.4,0.4,1.5,1.3,15.7,15260000,88,max
172,1,72.25,174.4,74.25,95.5,2011,22,36,36,35.7,7.0,15.9,0.439,1.4,4.1,0.342,6.3,7.4,0.853,0.8,5.1,5.8,5.3,2.2,0.1,2.7,2.4,21.7,3036927,91,average
173,4,78.0,224.6,84.0,108.0,2011,21,35,34,34.7,6.7,10.7,0.623,0.0,0.0,,4.0,6.9,0.577,5.7,8.8,14.5,1.1,1.9,2.3,2.6,3.1,17.3,11235955,92,max
174,3,78.75,228.4,81.5,104.0,2011,20,36,36,32.2,6.8,15.3,0.44,2.5,6.5,0.385,2.6,3.4,0.779,2.0,5.7,7.7,2.1,0.9,0.6,2.1,1.8,18.6,119462,91,average
175,3,78.5,222.8,83.0,103.5,2011,18,34,33,29.2,5.4,11.8,0.46,0.7,2.2,0.303,3.8,5.0,0.753,2.0,5.3,7.3,1.3,0.7,0.9,1.8,2.1,15.3,16000000,78,above average
176,1,74.0,186.2,77.5,99.0,2011,19,36,36,32.4,3.8,8.9,0.422,1.4,3.5,0.413,1.4,2.0,0.699,0.6,2.9,3.6,3.0,1.0,0.3,1.5,1.8,10.4,7000000,89,average
177,1,73.5,176.8,78.75,98.5,2011,19,38,38,35.9,5.7,13.5,0.423,2.3,6.1,0.377,3.6,4.5,0.795,0.7,3.4,4.0,4.2,0.7,0.2,3.2,2.2,17.3,12000000,96,above average
178,2,76.0,198.2,81.75,101.5,2011,21,33,33,33.1,4.3,9.8,0.437,1.2,4.0,0.295,3.4,4.4,0.778,0.7,2.4,3.1,2.0,0.7,0.2,1.7,2.4,13.1,0,88,minimum
179,3,78.0,227.4,87.0,106.0,2011,20,36,36,32.6,5.9,13.2,0.444,0.7,2.4,0.291,3.1,4.0,0.759,3.1,7.5,10.6,2.5,1.4,0.6,2.1,2.5,15.5,16500000,93,max
180,4,82.0,223.2,84.0,105.5,2011,22,34,34,33.5,6.7,14.2,0.47,1.6,4.3,0.37,3.3,3.9,0.843,1.7,5.6,7.2,1.6,0.5,0.9,1.6,2.2,18.3,1035000,90,max
181,1,73.0,209.0,79.5,96.5,2011,21,38,37,32.1,5.3,13.0,0.408,2.3,6.5,0.354,3.2,4.1,0.769,0.7,3.8,4.5,3.4,0.8,0.1,2.4,1.7,16.0,2433333,88,above average
183,4,79.0,229.6,82.0,105.5,2011,21,38,36,28.3,6.3,11.1,0.57,0.7,2.0,0.342,3.9,5.7,0.688,2.6,5.0,7.6,1.6,0.8,0.6,1.8,2.6,17.2,5000000,78,average
184,4,79.75,240.8,82.75,106.5,2011,21,38,35,24.4,5.1,8.7,0.589,0.7,1.6,0.424,2.7,4.0,0.673,2.7,5.6,8.3,1.4,0.8,1.1,2.1,2.8,13.6,8000000,94,average
185,1,75.25,190.0,79.5,102.0,2011,20,35,34,34.8,5.7,11.7,0.489,0.5,1.8,0.25,3.1,4.3,0.715,0.9,3.1,4.0,6.7,1.0,0.0,2.9,2.1,15.0,0,92,minimum
186,3,80.75,221.2,81.5,104.5,2011,22,36,35,34.1,4.3,9.0,0.48,1.2,3.3,0.368,1.5,2.7,0.557,2.1,5.7,7.8,3.8,0.9,0.4,2.3,1.9,11.3,15361500,89,above average
187,1,76.25,221.8,81.5,99.5,2011,21,31,31,32.0,5.7,14.1,0.406,1.4,4.9,0.278,4.5,5.6,0.806,1.7,4.2,5.9,3.5,2.7,0.2,2.3,2.8,17.3,9000000,89,average
188,3,79.5,228.0,82.1,106.0,2011,23,37,37,34.8,5.9,13.8,0.43,1.7,5.2,0.321,3.4,4.2,0.806,2.4,4.5,6.8,1.6,0.9,0.3,1.9,2.6,16.9,5000000,90,below average
189,3,79.75,230.2,85.0,103.5,2011,21,28,25,29.1,4.4,10.2,0.434,1.3,3.4,0.368,3.0,4.5,0.667,2.1,4.8,6.8,1.2,2.0,1.5,2.2,3.2,13.1,0,78,minimum
190,1,73.5,187.6,77.5,99.0,2011,22,37,37,34.0,7.0,15.4,0.458,1.5,4.4,0.35,5.1,6.2,0.813,1.2,3.3,4.5,5.1,1.2,0.1,3.2,1.9,20.6,0,90,minimum
192,4,79.5,227.4,85.25,108.5,2011,20,36,34,30.9,4.8,8.8,0.546,0.0,0.0,,3.5,7.3,0.487,3.8,4.0,7.8,1.3,0.9,2.4,1.8,2.8,13.1,14260870,92,above average
193,2,77.75,205.6,81.0,103.5,2011,21,34,33,34.7,7.1,16.2,0.436,2.9,7.2,0.398,4.6,5.4,0.838,0.7,4.5,5.2,3.7,1.6,0.9,3.4,2.9,21.6,15500000,93,above average
194,4,82.25,259.8,88.5,112.5,2011,20,34,34,34.9,6.3,12.5,0.505,0.9,2.4,0.349,3.6,4.8,0.755,2.9,7.4,10.3,1.6,0.5,1.4,1.7,2.8,17.1,11250000,90,max
195,1,71.5,184.0,75.5,91.5,2011,21,41,41,37.6,7.7,18.0,0.428,1.8,5.5,0.33,6.3,7.7,0.819,1.3,4.1,5.4,4.5,1.9,0.2,2.3,1.4,23.5,12000000,95,max
197,4,78.5,223.8,86.75,106.5,2012,21,38,38,29.7,4.2,7.2,0.577,0.1,0.1,0.6,3.6,4.6,0.782,2.6,4.8,7.4,1.0,0.9,1.8,1.9,3.1,12.0,1914544,86,average
198,3,79.0,227.8,83.25,101.5,2012,20,38,37,29.2,6.0,13.7,0.44,1.3,3.6,0.358,3.7,5.1,0.723,1.9,3.3,5.2,1.1,1.1,0.3,1.9,1.8,17.1,22116750,97,above average
199,2,77.0,174.4,81.75,102.5,2012,21,35,34,35.3,6.6,12.9,0.509,1.1,3.1,0.346,3.8,5.1,0.749,2.0,6.0,8.0,2.9,1.4,0.7,2.1,2.1,18.0,3533333,89,above average
200,2,75.25,201.8,80.0,100.0,2012,19,37,37,34.2,4.7,10.6,0.445,1.7,5.0,0.339,3.6,4.7,0.769,1.4,5.4,6.7,2.2,1.4,0.8,2.1,2.1,14.8,22116750,94,above average
201,2,76.0,214.6,81.5,102.0,2012,22,39,39,33.8,5.3,12.5,0.419,1.6,4.4,0.358,2.4,2.9,0.832,0.9,4.1,5.0,2.7,0.8,0.2,2.2,1.8,14.5,0,88,minimum
202,3,76.75,241.2,81.25,99.5,2012,21,35,35,32.9,6.2,12.5,0.498,1.7,5.1,0.345,3.4,4.6,0.735,2.0,6.4,8.4,2.1,2.5,1.0,1.3,2.7,17.5,6286408,71,above average
203,2,75.5,187.6,78.5,98.0,2012,21,36,36,34.6,5.5,12.2,0.45,1.4,4.1,0.338,5.5,7.5,0.737,1.0,2.8,3.8,2.8,2.5,0.4,2.8,2.4,17.9,0,90,minimum
204,5,81.75,278.6,90.25,109.5,2012,18,34,30,28.4,4.6,8.6,0.538,0.0,0.1,0.0,0.8,2.6,0.295,3.4,4.2,7.6,0.4,0.8,2.7,1.5,2.2,10.0,22116750,99,max
205,5,81.75,264.2,89.75,108.0,2012,22,26,22,23.2,3.4,6.3,0.539,0.0,0.0,,3.2,5.3,0.604,2.4,3.5,5.9,0.3,0.4,2.0,2.2,3.2,10.1,7400000,89,minimum
206,4,77.75,235.6,85.25,105.0,2012,22,37,36,33.2,5.7,12.8,0.449,1.4,3.6,0.388,3.4,4.7,0.723,2.1,8.5,10.6,3.8,1.5,1.0,3.0,2.8,16.2,15330435,89,above average
208,4,81.0,216.0,89.0,112.0,2012,21,35,34,29.1,5.9,11.7,0.5,0.0,0.0,,2.0,3.9,0.511,2.5,7.4,9.9,1.3,0.6,2.9,1.3,1.6,13.7,12517606,94,average
209,3,79.25,218.0,80.5,102.0,2012,23,35,35,32.2,5.5,13.3,0.417,2.1,5.4,0.383,3.2,3.9,0.825,1.6,5.6,7.2,1.9,0.7,1.2,0.9,2.1,16.4,150000,87,minimum
210,4,80.75,229.8,87.0,108.5,2012,27,35,35,28.0,4.5,7.4,0.606,0.0,0.0,,1.8,3.3,0.552,3.1,5.0,8.1,0.5,0.7,2.3,2.1,1.9,10.8,0,87,minimum
211,2,75.25,212.0,80.5,98.0,2012,21,35,35,33.6,6.2,13.1,0.474,3.8,8.7,0.439,3.7,4.4,0.837,0.5,2.4,2.9,1.2,0.8,0.3,1.6,1.2,19.9,469841,92,above average
212,2,75.75,223.8,83.25,99.0,2012,23,31,31,34.4,6.7,14.8,0.451,2.3,5.3,0.427,4.1,5.9,0.698,1.7,4.1,5.8,2.9,1.1,0.7,2.5,1.8,19.7,0,0,minimum
213,4,80.25,252.0,86.25,107.0,2012,20,38,34,29.3,4.7,9.3,0.5,0.4,1.3,0.327,2.6,4.2,0.627,2.5,4.6,7.2,1.3,1.3,1.8,1.6,2.4,12.3,1050961,93,above average
214,4,82.25,233.8,85.75,107.0,2012,20,33,33,30.7,5.5,11.0,0.5,0.3,1.0,0.303,2.2,3.1,0.696,2.7,4.9,7.6,1.3,0.8,0.6,1.7,2.3,13.5,0,94,minimum
215,3,77.75,232.8,84.0,104.5,2012,18,40,39,31.1,4.0,8.2,0.491,0.3,1.3,0.255,3.6,4.8,0.745,2.6,4.9,7.4,1.9,1.0,0.9,2.2,2.4,11.9,13000000,96,average
216,2,75.25,199.4,78.75,98.5,2012,20,40,35,31.2,4.4,9.2,0.474,1.9,4.1,0.466,3.1,3.7,0.826,0.4,2.3,2.7,1.5,0.5,0.1,1.1,1.8,13.7,0,92,minimum
217,2,76.0,179.2,83.0,102.0,2012,20,34,34,37.2,6.4,13.4,0.478,2.1,6.2,0.336,2.9,3.6,0.81,0.9,3.9,4.9,1.7,1.2,0.6,2.0,1.7,17.7,6511628,97,max
218,5,83.75,249.8,87.0,108.0,2012,20,32,30,31.8,5.3,9.1,0.584,0.0,0.3,0.091,2.9,4.0,0.732,2.3,5.9,8.2,1.3,0.5,1.9,2.1,2.9,13.6,9213484,95,average
219,1,73.75,188.8,79.75,95.5,2012,21,32,32,34.5,7.2,15.5,0.467,2.9,7.2,0.409,7.1,8.0,0.887,0.5,4.5,5.0,4.0,1.5,0.2,2.3,1.9,24.5,24328425,96,max
220,1,75.25,198.4,77.5,96.0,2012,20,36,35,33.0,2.9,6.3,0.467,0.8,2.2,0.354,1.5,2.2,0.696,0.2,2.4,2.6,9.8,1.2,0.2,2.8,1.6,8.1,0,93,minimum
221,3,78.75,216.2,82.75,103.0,2012,20,20,17,28.8,5.1,12.3,0.415,1.0,3.9,0.26,2.0,2.6,0.75,1.3,3.7,5.0,2.3,1.0,0.3,2.2,1.9,13.2,15200000,90,above average
222,3,78.0,233.4,81.0,101.0,2012,22,40,11,26.1,3.6,7.6,0.474,1.4,3.7,0.376,1.4,1.7,0.797,0.9,1.9,2.8,2.1,0.8,0.3,1.5,2.2,9.9,0,89,minimum
223,3,80.75,218.7,85.25,105.0,2012,19,37,35,24.4,3.7,8.4,0.447,0.6,1.9,0.348,2.5,3.1,0.816,1.5,3.5,4.9,1.4,0.7,0.6,1.8,1.9,10.6,0,89,minimum
224,2,77.0,194.0,78.75,99.0,2012,22,33,32,34.5,7.2,16.3,0.444,2.4,5.8,0.416,3.8,5.2,0.721,0.9,4.3,5.2,2.3,0.8,0.2,3.3,2.2,20.6,0,90,minimum
225,4,80.5,234.0,88.0,107.0,2012,22,32,32,30.1,6.9,12.0,0.571,0.7,1.7,0.434,4.0,5.2,0.776,2.6,5.8,8.4,1.0,0.7,2.0,2.5,2.8,18.5,6088993,93,below average
226,4,80.5,240.8,88.75,106.5,2012,22,36,36,31.3,5.7,9.9,0.573,0.2,0.9,0.188,4.3,6.2,0.696,3.2,7.2,10.3,1.4,0.7,2.7,2.6,3.3,15.9,3900000,0,max
227,4,82.5,252.4,84.75,105.5,2012,23,34,16,20.5,2.6,4.3,0.61,0.0,0.0,,1.4,2.2,0.632,2.9,4.2,7.1,0.5,0.5,0.9,1.2,2.3,6.6,12500000,86,below average
228,2,75.5,202.8,79.25,96.5,2012,19,34,33,33.2,5.1,11.8,0.433,1.7,4.7,0.365,3.6,5.4,0.658,0.6,2.8,3.4,2.1,1.0,0.0,2.3,2.2,15.5,11000000,94,average
229,4,79.75,244.2,87.25,106.0,2012,21,39,39,31.8,6.7,13.3,0.505,0.2,0.4,0.5,4.2,6.1,0.682,2.9,9.0,11.9,1.8,1.1,0.9,2.7,2.7,17.7,1050961,97,above average
230,2,78.0,196.6,79.25,100.5,2012,21,35,35,31.1,6.1,13.4,0.457,2.1,5.5,0.371,2.1,2.7,0.766,1.4,5.1,6.4,1.4,1.3,0.9,2.0,2.8,16.4,10000000,96,average
231,4,79.25,240.8,82.75,104.0,2012,23,32,32,31.2,6.7,11.9,0.563,0.2,0.6,0.3,4.3,5.4,0.808,2.2,6.1,8.3,1.2,0.7,0.5,2.1,1.8,18.0,3333334,89,below average
232,5,82.0,241.2,88.0,108.0,2012,22,33,33,27.5,4.0,8.7,0.462,0.0,0.0,0.0,3.6,5.1,0.708,1.8,4.2,6.0,3.5,0.6,1.4,2.8,2.7,11.6,75000,0,minimum
233,4,79.75,268.2,85.25,105.5,2012,20,37,36,30.4,6.2,11.9,0.519,0.4,1.1,0.4,4.7,6.2,0.768,3.1,6.1,9.2,1.2,1.2,1.1,1.9,2.9,17.5,5628000,92,below average
235,1,73.0,179.8,79.25,96.5,2012,19,40,40,32.6,3.6,8.8,0.412,0.7,2.0,0.325,2.1,3.0,0.714,0.4,2.1,2.5,4.8,0.9,0.3,2.7,2.3,10.0,0,93,minimum
236,3,78.75,206.0,81.5,102.5,2012,21,33,33,31.1,4.7,10.1,0.464,1.8,4.1,0.43,1.7,2.5,0.679,1.3,4.2,5.5,1.5,0.7,0.5,1.7,2.2,12.8,442126,89,below average
237,1,76.75,203.2,81.0,101.0,2012,19,35,27,30.3,5.7,12.8,0.443,0.3,1.6,0.161,4.4,7.5,0.583,2.3,2.7,5.0,3.7,1.9,0.4,3.8,2.7,16.0,25000,92,minimum
238,4,83.25,247.4,84.0,104.5,2012,22,38,38,28.2,5.8,10.5,0.553,0.0,0.0,,4.8,5.9,0.808,3.8,5.8,9.6,0.9,0.9,1.5,1.9,2.7,16.3,8000000,93,average
239,5,82.75,254.5,88.5,109.5,2013,19,32,32,23.4,3.1,5.5,0.571,0.0,0.0,,1.0,2.2,0.443,2.8,3.5,6.3,0.6,0.7,2.0,1.1,1.6,7.2,0,92,above average
240,2,75.5,197.4,78.0,100.5,2013,20,34,34,33.0,5.4,11.9,0.454,1.2,3.9,0.303,2.8,3.7,0.756,0.6,2.6,3.2,1.8,1.0,0.0,2.3,1.8,14.8,0,0,minimum
241,1,76.0,189.2,79.0,100.0,2013,22,33,32,34.2,4.2,10.1,0.419,0.6,2.3,0.263,3.3,4.2,0.771,0.7,3.7,4.3,7.2,2.0,0.6,3.5,2.0,12.4,0,90,average
242,2,77.75,199.8,80.75,102.0,2013,22,35,35,31.4,4.9,10.2,0.483,2.5,5.8,0.436,1.6,2.1,0.767,2.0,4.4,6.5,2.9,1.3,0.3,1.2,1.4,13.9,0,88,average
243,1,71.75,187.0,77.5,97.5,2013,20,39,39,35.3,6.6,14.4,0.463,1.9,5.1,0.384,3.4,4.3,0.801,0.5,2.6,3.2,6.7,1.6,0.5,2.2,1.9,18.6,0,93,max
244,2,76.5,203.6,80.0,100.5,2013,20,32,32,33.9,5.8,13.4,0.433,2.6,7.0,0.373,4.2,5.3,0.799,1.2,5.9,7.1,1.8,2.0,0.5,2.0,2.2,18.5,0,93,average
245,1,71.0,188.4,76.5,94.5,2013,22,31,30,36.5,6.9,16.1,0.431,3.0,8.2,0.37,4.9,6.0,0.822,0.6,2.9,3.5,4.3,1.5,0.1,3.2,1.9,21.8,0,91,average
246,1,76.75,184.4,79.25,101.0,2013,21,40,40,35.2,3.9,9.9,0.393,0.9,3.0,0.292,3.2,4.7,0.694,1.3,3.6,4.9,7.3,2.8,0.5,3.4,2.3,11.9,0,92,average
247,3,78.25,208.6,85.75,106.0,2013,22,23,22,31.0,5.6,12.8,0.435,1.7,4.5,0.388,4.2,4.9,0.85,2.8,5.1,8.0,1.3,2.2,1.7,2.4,2.8,17.0,0,88,average
248,2,77.25,197.4,83.25,103.5,2013,21,33,33,36.2,6.5,14.2,0.459,1.9,5.6,0.348,3.4,4.2,0.813,1.0,5.1,6.1,2.6,1.1,0.7,2.5,2.1,18.4,0,90,average
249,4,80.5,241.8,85.5,108.5,2013,21,36,36,29.3,6.4,12.2,0.522,0.1,0.4,0.357,4.8,7.1,0.682,2.1,5.9,8.0,2.4,1.3,1.0,2.6,3.1,17.7,0,87,minimum
250,5,82.0,238.8,88.0,109.0,2013,23,31,29,22.3,2.8,5.7,0.5,0.0,0.1,0.0,1.0,1.5,0.681,2.3,4.7,7.0,0.6,1.1,2.1,1.6,3.0,6.7,0,87,above average
251,3,77.75,200.8,83.5,104.5,2013,22,33,32,33.1,5.5,11.2,0.491,1.7,4.7,0.357,3.8,4.6,0.834,2.0,4.7,6.7,2.1,1.8,1.3,3.0,2.3,16.5,0,90,average
252,3,76.75,202.6,81.25,103.5,2013,22,35,35,35.3,5.4,10.8,0.5,1.5,4.0,0.374,2.3,3.5,0.664,2.1,6.1,8.1,1.6,1.4,1.1,2.0,3.0,14.6,0,89,minimum
253,2,75.75,189.0,81.5,102.0,2013,18,33,33,31.8,4.8,10.8,0.44,0.5,1.9,0.266,4.1,6.4,0.637,1.5,3.2,4.6,2.7,1.1,0.5,3.1,2.9,14.1,0,89,minimum
254,1,73.5,178.2,77.75,98.0,2013,22,32,32,36.4,8.2,17.2,0.475,1.9,4.9,0.389,6.8,8.3,0.816,0.5,3.5,4.0,3.8,1.3,0.2,2.2,1.4,25.0,0,89,minimum
256,3,77.5,226.0,81.0,103.0,2013,22,35,35,33.0,4.5,9.9,0.458,1.6,4.2,0.39,2.7,3.5,0.766,1.7,3.6,5.3,2.7,1.1,0.6,2.2,2.2,13.4,0,89,below average
257,4,80.75,232.0,86.0,109.0,2013,19,34,2,17.8,1.9,4.5,0.409,0.9,2.3,0.405,0.5,0.6,0.818,1.1,2.5,3.6,0.5,0.5,1.0,0.6,1.3,5.2,0,87,minimum
258,1,73.25,180.4,78.25,98.0,2013,21,11,11,37.3,4.2,10.0,0.418,0.7,2.5,0.296,5.5,7.0,0.792,0.6,4.4,5.0,5.5,2.0,0.0,3.4,1.8,14.6,0,88,minimum
259,1,70.25,170.8,70.75,89.5,2013,20,36,35,36.4,5.1,10.6,0.479,1.9,4.7,0.406,2.4,3.1,0.777,0.5,3.4,3.8,4.6,2.0,0.1,2.3,1.6,14.5,0,0,average
263,4,79.5,236.4,86.5,106.5,2013,21,32,29,32.4,4.4,9.9,0.44,0.9,3.1,0.3,3.3,4.9,0.675,2.4,6.1,8.5,0.8,1.0,2.7,2.4,2.9,13.0,0,88,minimum
264,3,76.75,221.8,83.0,104.5,2013,20,32,30,30.8,6.3,14.3,0.443,1.3,3.3,0.377,4.0,5.6,0.711,2.7,2.5,5.2,0.8,0.7,0.1,1.6,1.7,17.9,0,92,average
265,4,80.75,239.8,82.5,108.0,2013,22,36,34,26.4,4.6,8.8,0.516,2.0,4.4,0.453,1.1,1.4,0.784,1.6,3.9,5.5,1.4,0.6,0.7,1.4,2.8,12.2,0,86,minimum
266,5,82.25,230.2,85.0,108.0,2013,21,34,34,31.7,6.7,13.1,0.509,0.1,0.5,0.25,5.3,6.7,0.789,2.9,8.2,11.1,2.3,0.5,2.4,1.7,2.2,18.7,0,88,average
267,2,75.25,213.2,81.25,100.5,2013,21,36,36,28.4,5.1,8.4,0.599,0.8,1.9,0.441,2.7,3.6,0.746,2.6,3.8,6.3,2.1,2.2,0.8,2.3,2.5,13.6,0,94,max
268,4,82.75,234.0,81.75,108.0,2013,22,32,28,26.4,6.7,10.7,0.629,0.3,0.9,0.3,4.1,5.3,0.776,2.4,4.9,7.3,1.7,0.7,1.1,2.4,2.3,17.8,0,92,above average
269,5,83.25,238.2,83.0,108.0,2013,23,36,36,34.7,6.1,10.3,0.599,0.0,0.0,,4.8,7.1,0.681,2.8,7.2,10.0,1.9,1.0,1.4,2.9,2.6,17.1,0,91,above average
270,3,79.5,197.6,85.5,105.5,2013,20,31,31,35.4,5.4,11.3,0.48,1.4,3.3,0.422,3.9,5.1,0.777,1.8,5.7,7.5,2.7,1.8,0.9,1.5,2.0,16.2,0,94,max
271,1,69.5,177.0,74.25,92.0,2013,22,34,34,33.9,4.1,11.0,0.376,1.4,4.2,0.324,2.2,3.0,0.735,0.8,2.6,3.3,7.1,1.8,0.1,3.5,1.9,11.9,0,85,minimum
272,3,76.5,210.8,81.25,101.5,2013,21,21,10,29.9,4.9,10.6,0.457,1.4,4.3,0.333,1.9,3.1,0.606,2.0,4.8,6.7,2.3,1.3,0.9,2.3,2.4,13.0,0,89,minimum
273,4,78.25,205.8,83.0,104.5,2013,21,31,30,33.4,4.3,8.9,0.48,0.6,1.9,0.328,1.7,3.2,0.551,3.0,8.2,11.2,1.4,2.2,1.3,2.4,2.5,10.9,0,87,average
274,1,71.5,180.6,75.0,93.0,2013,22,40,40,31.2,3.5,8.6,0.404,1.0,3.3,0.288,2.1,2.5,0.867,0.3,2.1,2.4,5.7,2.3,0.2,2.7,2.6,10.0,0,86,minimum
275,3,78.0,198.2,83.5,105.5,2013,21,35,35,31.2,4.1,9.7,0.422,1.8,4.7,0.39,2.5,2.9,0.843,0.4,2.2,2.6,2.9,0.8,0.5,2.1,1.3,12.5,0,92,below average
276,3,76.75,231.8,85.0,99.0,2013,20,36,36,29.3,4.3,10.6,0.405,0.7,2.5,0.292,2.4,3.1,0.752,1.5,2.9,4.5,1.9,0.7,0.7,1.6,1.4,11.7,0,87,minimum
277,5,82.75,221.8,86.0,110.5,2013,23,37,37,30.9,5.0,8.6,0.582,0.0,0.0,1.0,3.7,5.2,0.714,2.1,6.4,8.5,0.9,0.8,3.9,2.0,2.1,13.7,0,89,average
278,1,75.5,196.4,75.75,98.0,2013,22,33,33,38.1,7.3,15.1,0.485,1.9,5.1,0.379,5.7,7.0,0.813,1.1,4.5,5.6,5.8,1.7,0.1,2.3,1.5,22.3,0,91,minimum
279,5,82.75,230.0,82.75,106.0,2013,20,36,36,29.5,5.5,9.8,0.562,0.0,0.1,0.0,5.4,7.2,0.757,2.8,5.2,8.1,1.3,1.0,1.3,2.3,2.2,16.5,0,95,average
280,2,75.5,208.8,82.0,102.0,2014,19,36,36,30.1,5.8,11.9,0.485,1.4,4.1,0.356,4.4,5.3,0.836,1.9,3.5,5.3,2.3,2.6,0.1,1.5,2.2,17.4,0,91,minimum
281,4,85.25,254.1,88.0,108.5,2014,24,33,33,30.9,4.0,7.4,0.545,0.0,0.0,,3.4,4.9,0.693,2.2,6.1,8.2,0.5,0.4,4.0,1.5,3.0,11.5,0,86,minimum
282,4,80.75,252.4,84.75,107.0,2014,23,34,34,32.9,7.0,12.5,0.556,0.0,0.1,0.333,6.4,8.8,0.735,2.2,5.1,7.4,1.6,0.6,1.5,2.0,2.1,20.4,0,87,minimum
283,4,79.5,208.8,85.0,107.0,2014,21,33,32,31.4,3.8,7.4,0.51,0.0,0.0,,4.0,5.7,0.693,4.0,6.2,10.2,1.2,0.6,3.8,1.3,2.3,11.5,0,88,above average
284,4,84.25,231.2,85.5,109.0,2014,21,30,30,30.3,5.5,11.6,0.476,1.4,3.3,0.42,2.9,4.0,0.727,2.1,3.6,5.7,1.0,0.5,3.1,2.2,2.2,15.3,0,85,minimum
285,2,74.5,184.4,80.75,100.0,2014,22,34,34,35.3,5.6,11.8,0.473,1.6,4.3,0.379,4.4,5.7,0.768,1.1,4.2,5.3,2.9,1.0,1.0,1.6,2.5,17.2,0,91,minimum
286,2,75.0,201.9,80.25,100.0,2014,21,35,35,37.0,5.8,12.4,0.467,2.3,5.6,0.41,6.1,7.6,0.797,0.5,3.9,4.4,1.9,0.6,0.1,2.3,1.6,19.9,0,86,minimum
287,1,73.5,186.0,78.5,99.0,2014,21,34,34,35.3,5.9,12.4,0.479,0.6,1.4,0.388,4.6,6.9,0.668,0.4,2.2,2.7,4.2,1.3,0.2,2.6,2.1,17.0,0,91,minimum
288,1,75.25,186.3,80.0,98.0,2014,22,35,35,35.1,6.0,13.4,0.447,0.9,3.3,0.281,4.6,5.6,0.831,0.8,3.0,3.8,3.4,1.1,0.2,2.7,2.2,17.5,0,91,above average
289,1,72.75,191.6,74.0,94.5,2014,23,35,35,34.4,3.2,6.8,0.473,0.5,1.5,0.302,2.9,3.9,0.741,0.3,3.3,3.6,4.7,2.5,0.1,2.6,2.4,9.8,0,84,minimum
290,3,78.0,209.4,82.75,101.5,2014,23,36,36,27.4,5.2,10.7,0.486,1.8,4.9,0.375,4.2,5.0,0.844,1.3,4.6,5.9,0.8,0.8,0.8,1.9,2.3,16.4,0,93,minimum
291,1,73.0,181.5,79.25,98.0,2014,19,34,34,35.7,4.4,10.6,0.411,0.9,2.5,0.353,3.4,4.4,0.765,0.8,2.6,3.4,5.5,2.1,0.2,1.7,2.0,12.9,0,93,minimum
293,4,79.5,220.1,83.75,105.0,2014,18,38,38,31.2,5.0,10.1,0.495,0.4,1.2,0.356,2.0,4.7,0.422,2.7,5.3,8.0,2.0,0.9,1.0,1.4,2.4,12.4,0,92,above average
296,3,79.25,208.2,80.5,103.0,2014,21,35,33,32.9,5.5,11.8,0.464,2.0,4.8,0.42,3.1,3.9,0.807,0.8,3.1,3.9,2.1,0.7,0.3,1.5,2.6,16.1,0,94,average
297,4,79.75,218.4,84.5,105.0,2014,23,38,38,29.0,4.8,9.7,0.5,0.4,1.0,0.368,3.6,5.6,0.64,2.8,5.4,8.2,1.0,0.4,1.3,1.3,2.2,13.7,0,87,minimum
298,2,73.5,198.0,79.25,96.5,2014,21,38,38,33.0,5.4,12.5,0.432,1.6,4.4,0.367,3.8,4.9,0.781,0.8,3.2,4.1,2.8,1.1,0.7,1.7,2.0,16.3,0,89,minimum
299,4,81.25,252.0,87.5,109.5,2014,22,32,32,32.0,5.2,10.5,0.49,0.4,1.8,0.214,2.6,3.8,0.667,2.3,6.4,8.7,1.1,0.4,2.7,1.8,2.6,13.3,0,84,minimum
306,1,71.0,175.2,75.25,93.0,2014,22,40,40,35.1,5.3,12.4,0.429,2.2,5.4,0.405,5.2,6.0,0.87,1.0,4.9,5.9,4.9,1.8,0.3,2.9,2.1,18.0,0,93,above average
308,1,74.5,185.4,80.0,98.5,2014,20,35,35,35.9,6.8,13.3,0.509,0.4,1.5,0.259,5.3,8.6,0.609,2.3,3.7,6.0,5.9,2.3,0.6,3.6,2.4,19.2,0,94,above average
309,4,81.5,234.4,84.5,105.0,2014,22,36,36,32.4,4.9,10.5,0.462,0.3,1.1,0.256,4.0,5.9,0.687,1.9,4.9,6.9,3.1,1.3,0.8,2.9,3.1,14.0,0,87,max
310,4,79.75,249.7,84.0,105.5,2014,19,40,40,30.8,4.9,9.8,0.5,0.1,0.5,0.167,5.1,7.2,0.706,3.5,6.9,10.4,1.4,0.5,0.8,2.5,2.3,15.0,0,96,max
312,1,74.0,227.2,81.25,99.0,2014,20,31,31,32.7,5.3,12.5,0.422,1.6,5.3,0.299,5.9,8.1,0.728,1.4,4.5,5.9,4.8,2.9,0.6,2.6,2.9,18.0,0,96,average
313,1,71.5,160.0,75.5,95.0,2014,23,37,36,29.3,6.1,13.0,0.468,1.9,4.9,0.387,4.1,5.9,0.705,0.8,2.5,3.3,4.6,2.0,0.1,2.8,2.5,18.2,0,85,minimum
314,2,77.25,206.9,79.75,102.0,2014,20,36,36,35.6,5.1,10.9,0.47,2.6,5.8,0.442,4.7,5.7,0.824,0.4,2.5,2.9,3.3,0.6,0.3,1.9,1.3,17.5,0,92,average
315,4,79.0,262.8,85.25,103.5,2014,20,37,37,32.4,5.4,10.1,0.531,0.0,0.0,,4.3,6.2,0.696,4.2,6.4,10.6,2.0,0.7,0.9,2.1,2.0,15.1,0,87,minimum
316,1,74.25,187.0,76.0,96.0,2014,23,36,36,31.3,5.2,12.7,0.411,1.7,4.6,0.372,5.4,6.5,0.834,0.6,2.3,2.9,3.2,1.6,0.1,1.4,2.0,17.6,0,84,minimum
317,4,80.0,247.1,88.25,108.0,2014,18,30,29,26.5,3.8,7.2,0.523,0.5,1.1,0.485,3.2,4.5,0.716,2.4,6.6,9.0,0.6,0.9,1.4,2.1,2.7,11.3,0,95,above average
320,2,77.25,213.3,84.0,104.0,2014,18,40,39,32.4,4.6,11.3,0.407,2.1,5.9,0.349,3.1,4.4,0.706,1.0,3.3,4.3,1.7,0.8,0.2,1.9,2.1,14.3,0,92,minimum
321,3,77.25,230.6,83.75,101.0,2015,21,26,23,27.8,4.0,8.5,0.466,1.8,4.0,0.452,2.5,3.2,0.78,0.7,3.4,4.0,1.7,0.7,0.5,1.2,1.2,12.2,0,92,below average
322,4,79.25,228.0,87.75,105.0,2015,20,38,38,27.8,4.4,8.5,0.514,0.3,0.9,0.333,3.2,4.5,0.703,1.8,3.4,5.2,0.7,0.6,0.7,1.4,2.8,12.2,0,87,minimum
323,1,70.0,169.6,72.5,92.5,2015,22,34,34,35.8,5.4,12.6,0.423,2.5,6.1,0.411,4.2,4.9,0.85,0.4,3.6,4.1,3.8,1.4,0.2,2.4,1.9,17.4,0,89,minimum
324,2,76.5,205.8,80.25,102.5,2015,18,38,0,21.5,3.6,7.6,0.47,1.5,3.7,0.411,1.4,1.7,0.828,0.4,1.6,2.0,1.1,0.4,0.1,1.0,1.5,10.0,0,0,max
325,3,77.75,211.0,83.0,104.5,2015,22,37,36,35.7,4.8,11.0,0.431,2.1,4.8,0.441,3.1,3.9,0.795,1.1,5.8,6.9,2.5,0.8,0.2,1.9,2.1,14.8,0,87,minimum
326,4,80.25,242.6,89.25,110.5,2015,23,31,31,34.3,6.5,11.9,0.552,0.0,0.0,0.0,4.4,6.2,0.712,3.1,6.0,9.1,1.5,0.9,2.5,2.5,3.4,17.5,0,91,minimum
327,2,76.0,215.0,80.0,96.0,2015,22,38,38,35.6,4.4,9.4,0.466,2.4,5.8,0.423,1.3,1.7,0.781,1.1,6.3,7.4,1.5,0.7,0.9,1.2,2.0,12.5,0,88,average
328,1,72.25,179.0,76.0,96.5,2015,22,39,39,35.8,5.1,11.3,0.453,2.6,6.6,0.395,2.5,2.8,0.891,0.4,3.0,3.4,2.6,1.0,0.0,1.2,1.9,15.3,0,86,average
329,4,77.5,230.2,83.0,105.0,2015,22,35,32,30.1,5.2,9.7,0.535,0.0,0.0,,1.5,3.0,0.49,2.9,6.2,9.1,1.7,1.2,1.7,1.9,2.1,11.9,0,71,minimum
330,3,79.75,218.6,83.5,106.0,2015,21,40,40,31.0,5.3,10.2,0.525,1.3,3.8,0.331,2.0,2.8,0.708,1.9,3.6,5.5,1.2,0.5,0.5,0.9,1.1,13.9,0,94,minimum
332,3,76.0,219.4,82.5,103.0,2015,21,33,33,29.4,5.2,12.2,0.428,1.9,5.1,0.381,3.8,5.5,0.691,2.2,4.8,7.1,1.6,0.6,0.3,1.1,2.1,16.2,0,0,below average
333,1,75.25,185.8,78.0,100.0,2015,22,32,31,37.6,7.0,15.5,0.454,2.0,5.8,0.353,3.4,4.5,0.759,0.8,3.5,4.2,4.2,1.3,0.0,2.7,2.1,19.5,0,89,minimum
334,1,76.5,213.2,81.0,100.0,2015,20,39,39,25.5,2.6,6.8,0.378,0.9,2.4,0.383,3.2,4.1,0.792,0.3,1.9,2.2,3.6,1.0,0.2,1.6,1.8,9.3,0,89,minimum
335,2,76.5,209.2,80.25,100.5,2015,20,39,38,25.8,3.7,9.5,0.395,1.5,4.8,0.316,2.0,2.6,0.782,0.4,2.2,2.6,1.4,1.1,0.2,0.9,1.6,11.0,0,87,minimum
336,2,74.75,181.4,77.5,98.5,2015,21,32,32,36.9,7.2,15.3,0.469,4.0,9.3,0.431,4.7,5.5,0.852,0.6,3.0,3.6,2.6,1.1,0.1,2.0,1.9,23.1,0,86,minimum
337,2,72.75,191.8,80.0,99.5,2015,23,28,28,33.4,6.7,13.4,0.503,2.9,5.9,0.488,4.6,5.6,0.822,0.7,4.3,4.9,3.4,1.4,0.2,3.0,1.9,20.9,0,0,minimum
338,3,77.5,210.8,86.0,104.0,2015,20,38,25,28.7,3.6,7.2,0.502,0.2,0.8,0.207,3.8,5.4,0.707,2.0,4.8,6.8,1.6,1.2,0.8,1.6,2.5,11.2,0,90,above average
339,4,80.25,242.8,85.5,108.0,2015,21,31,31,28.8,5.3,9.5,0.563,0.6,1.4,0.419,3.5,4.9,0.712,2.8,5.2,8.0,0.8,0.7,2.7,1.9,2.5,14.7,0,91,above average
340,4,80.25,242.2,83.5,107.5,2015,22,32,31,26.1,3.3,8.4,0.389,1.3,4.1,0.331,2.4,3.1,0.778,2.2,3.9,6.1,1.1,0.5,1.0,1.5,2.2,10.3,0,89,minimum
342,4,78.75,208.4,83.0,104.5,2015,20,33,30,28.5,5.5,10.5,0.526,0.1,0.3,0.4,3.8,6.3,0.599,2.7,6.6,9.2,1.7,1.2,1.0,2.8,3.0,14.9,0,0,minimum
343,5,83.0,264.6,86.0,112.0,2015,19,39,0,16.3,2.0,4.0,0.506,0.0,0.0,,2.3,3.7,0.625,1.7,2.9,4.6,0.7,0.4,0.9,1.1,1.8,6.4,0,89,minimum
344,1,72.5,184.6,77.0,97.0,2015,19,39,39,33.9,3.5,8.3,0.417,1.2,3.2,0.379,3.7,4.2,0.889,0.5,3.0,3.5,5.6,1.5,0.1,1.9,1.2,11.8,0,91,above average
345,4,80.0,238.6,81.0,106.5,2015,21,33,32,35.1,6.1,12.0,0.509,0.4,1.6,0.269,4.2,6.2,0.69,3.0,6.3,9.2,1.8,1.2,0.7,2.8,2.8,16.9,0,89,minimum
347,4,79.0,238.0,87.25,106.0,2015,20,31,31,34.9,6.2,12.2,0.504,0.0,0.3,0.111,3.1,4.7,0.646,3.2,6.7,9.9,1.3,0.9,3.6,3.3,2.6,15.4,0,90,minimum
348,3,77.75,202.8,86.25,102.5,2015,19,36,27,21.0,3.1,6.9,0.444,0.9,2.6,0.358,2.2,3.1,0.718,1.1,3.8,5.0,0.8,1.1,0.4,1.2,2.0,9.3,0,93,above average
349,1,72.75,182.8,79.25,97.5,2015,20,35,35,32.2,7.0,15.3,0.456,2.4,6.4,0.377,3.8,4.8,0.787,0.6,3.1,3.7,6.0,1.9,0.5,2.5,2.1,20.2,0,93,above average
350,2,76.75,209.2,83.25,104.5,2015,22,31,31,35.0,5.9,15.0,0.396,2.2,7.0,0.313,4.1,5.8,0.711,0.5,4.4,4.9,2.8,1.1,0.9,3.4,3.0,18.2,0,90,minimum
351,4,81.5,246.2,86.0,108.5,2015,20,36,36,29.9,6.9,12.9,0.536,0.4,0.8,0.467,3.2,4.3,0.737,3.7,5.2,8.9,1.2,1.1,1.4,1.6,2.2,17.5,0,91,above average
352,2,75.0,215.4,82.75,102.5,2015,22,36,36,34.6,5.9,13.0,0.456,1.1,3.3,0.319,3.5,4.7,0.751,0.6,4.1,4.7,2.1,1.8,0.4,2.2,2.5,16.4,0,91,above average
353,2,76.0,201.4,84.25,104.5,2015,21,36,34,30.2,5.0,11.5,0.436,1.5,4.6,0.333,4.4,5.7,0.775,1.6,3.7,5.3,1.7,0.9,0.5,1.7,1.7,15.9,0,89,minimum
354,1,72.25,178.8,79.0,96.5,2015,22,37,37,36.4,5.9,14.6,0.403,2.4,6.7,0.363,5.4,6.2,0.877,0.3,3.0,3.3,3.0,1.4,0.1,2.0,2.2,19.6,0,86,below average
355,1,72.5,190.2,80.25,98.5,2015,21,36,35,35.0,5.9,14.5,0.411,1.3,4.4,0.306,3.9,4.9,0.79,1.2,4.4,5.6,3.0,2.0,0.2,2.2,1.7,17.1,0,92,above average
356,1,70.5,167.2,74.0,93.0,2015,21,33,33,35.0,6.5,14.3,0.452,1.4,4.5,0.311,4.3,5.5,0.78,0.8,3.7,4.5,4.0,1.7,0.2,2.2,2.2,18.6,0,0,minimum
357,1,73.75,177.4,79.75,97.5,2015,22,33,33,36.7,6.5,14.3,0.456,3.1,7.7,0.402,3.8,4.6,0.83,0.3,2.5,2.8,2.9,0.6,0.1,2.3,1.1,20.0,0,85,minimum
359,2,75.75,198.6,79.0,101.0,2015,18,23,23,32.2,6.3,14.3,0.439,2.3,6.1,0.383,3.0,4.3,0.694,0.6,4.2,4.8,1.6,0.8,0.3,2.2,2.3,17.8,0,91,minimum
360,4,80.75,208.0,86.75,108.0,2015,20,31,6,14.6,2.1,3.8,0.538,0.0,0.1,0.0,0.5,1.4,0.386,1.3,2.2,3.5,0.1,0.3,1.2,1.0,2.0,4.7,0,84,minimum
361,4,79.25,261.4,85.75,106.5,2015,22,26,26,32.6,6.2,13.4,0.458,0.0,0.1,0.0,5.0,6.5,0.768,3.3,8.5,11.8,1.7,1.2,1.8,2.0,2.7,17.3,0,86,minimum
362,1,76.25,181.4,79.5,101.5,2015,23,35,35,33.3,4.7,9.3,0.509,0.7,2.1,0.356,4.4,5.2,0.836,1.0,4.0,4.9,5.1,2.1,1.0,1.9,1.4,14.5,0,93,above average
363,2,75.25,212.4,81.75,97.5,2016,23,35,35,31.6,4.6,10.8,0.424,1.8,5.2,0.35,3.1,3.9,0.793,0.5,4.3,4.8,3.2,1.5,0.6,1.5,1.4,14.0,0,91,minimum
366,4,79.25,229.2,85.5,105.0,2016,21,35,33,34.2,7.0,15.2,0.462,1.5,4.5,0.329,5.5,7.1,0.782,2.7,5.0,7.7,1.1,0.9,1.0,1.9,2.8,21.1,0,89,minimum
367,4,79.5,224.4,85.75,103.5,2016,22,33,33,31.6,5.8,10.2,0.573,0.6,1.7,0.364,4.8,6.9,0.697,3.3,9.3,12.6,1.1,0.7,1.2,2.4,2.2,17.1,0,90,minimum
368,2,75.75,223.0,82.5,98.0,2016,23,37,37,34.1,6.2,13.6,0.457,2.0,5.2,0.391,3.8,4.2,0.897,0.5,3.5,4.1,3.1,0.9,0.2,1.4,2.1,18.2,0,89,max
369,4,80.75,233.0,84.25,105.0,2016,18,34,34,24.9,5.3,10.0,0.531,0.6,1.8,0.35,2.6,3.8,0.685,2.5,2.9,5.6,0.8,0.9,1.6,4.1,2.0,13.8,0,93,above average
370,1,75.25,194.0,78.25,98.5,2016,22,37,37,33.3,4.6,11.2,0.406,1.8,4.3,0.411,1.8,2.6,0.67,0.6,3.8,4.5,4.5,1.4,0.3,2.4,1.7,12.6,0,89,minimum
371,4,79.5,218.6,88.5,107.5,2016,19,27,1,7.5,1.2,2.1,0.569,0.0,0.0,,0.6,1.0,0.556,0.6,1.9,2.5,0.0,0.3,0.9,0.6,1.4,3.0,0,91,minimum
372,4,79.0,217.8,82.25,102.0,2016,22,38,38,30.3,6.2,11.7,0.531,0.7,1.7,0.438,3.7,4.7,0.785,1.7,4.1,5.8,1.3,0.5,0.5,1.5,1.7,16.9,0,88,minimum
374,3,78.5,212.6,83.75,105.5,2016,23,36,36,31.8,4.7,10.8,0.437,2.0,5.4,0.368,3.4,4.6,0.733,2.5,5.9,8.3,2.1,0.9,0.8,1.9,2.2,14.7,0,86,average
375,2,77.5,204.6,79.5,101.0,2016,24,37,37,37.9,6.1,13.2,0.461,2.5,6.3,0.391,2.9,4.3,0.663,1.1,3.0,4.1,4.3,1.9,0.4,2.8,2.6,17.5,0,92,minimum
376,2,78.25,197.0,81.0,103.5,2016,20,36,36,32.0,4.4,11.4,0.387,1.3,3.9,0.331,2.4,2.8,0.86,0.9,8.0,8.9,4.7,1.1,0.4,2.4,1.8,12.5,0,88,minimum
377,1,72.0,193.8,77.5,93.0,2016,21,35,35,35.9,5.5,12.2,0.451,1.5,4.7,0.331,3.2,4.0,0.813,0.9,2.6,3.5,4.7,1.2,0.3,1.9,2.2,15.8,0,89,minimum
378,4,81.0,208.6,84.5,106.5,2016,22,40,39,28.0,6.7,10.9,0.614,0.0,0.0,,3.6,4.6,0.783,2.9,7.5,10.4,1.5,1.1,1.5,1.8,2.7,17.0,0,92,minimum
379,5,82.25,243.6,87.75,107.0,2016,21,33,33,26.2,5.6,9.5,0.59,0.0,0.1,0.0,2.7,5.1,0.536,2.2,4.6,6.9,1.2,0.2,1.6,2.0,3.3,13.9,0,92,average
380,3,80.0,208.6,81.25,102.0,2016,22,36,36,31.4,3.9,7.8,0.5,1.6,4.0,0.396,2.2,2.6,0.832,1.0,4.2,5.3,1.1,1.1,1.0,1.7,1.9,11.6,0,87,average
382,4,78.75,230.8,82.0,103.0,2016,23,35,35,33.2,8.1,14.8,0.546,1.6,4.1,0.392,2.7,3.4,0.807,1.3,4.9,6.2,3.3,0.9,0.6,2.6,3.2,20.5,0,72,average
383,5,81.0,245.2,86.75,108.5,2016,19,31,29,24.6,4.4,7.1,0.62,0.0,0.0,0.0,1.1,1.8,0.589,2.9,5.5,8.5,1.6,0.8,2.0,2.1,3.0,9.9,0,85,minimum
384,1,72.5,163.8,78.25,97.0,2016,22,34,34,31.6,4.1,10.4,0.398,2.2,6.1,0.356,2.1,2.7,0.774,0.4,2.1,2.5,3.8,1.1,0.4,1.2,1.5,12.6,0,88,minimum
386,3,78.5,220.2,83.5,102.0,2016,22,34,34,30.6,5.5,12.7,0.432,1.6,4.3,0.361,3.3,4.3,0.774,2.4,3.7,6.1,2.3,1.3,0.7,2.7,2.5,15.9,0,90,average
387,4,85.25,218.2,91.75,112.5,2016,20,42,40,34.2,5.5,9.0,0.603,0.2,0.4,0.6,4.7,6.2,0.758,2.9,6.8,9.8,1.5,1.1,3.2,1.7,2.6,15.8,0,86,minimum
388,2,76.75,199.6,84.0,101.5,2016,20,37,37,34.4,4.1,11.1,0.369,2.1,6.1,0.353,3.1,4.2,0.72,0.5,3.8,4.3,2.1,1.2,0.3,2.1,2.5,13.4,0,92,minimum
389,4,80.25,226.6,87.25,107.5,2016,22,34,34,34.6,8.1,15.0,0.538,0.1,0.4,0.2,4.0,5.9,0.678,3.9,7.7,11.6,1.7,1.0,2.7,2.2,2.0,20.2,0,90,above average
390,5,81.0,254.4,86.75,108.5,2016,19,35,22,22.6,4.8,8.4,0.568,0.0,0.0,,2.9,3.8,0.761,2.2,3.2,5.4,0.4,0.5,1.6,1.5,2.3,12.5,0,89,minimum
391,1,68.75,149.2,74.0,88.5,2016,20,35,35,36.8,5.5,12.6,0.434,1.6,4.6,0.344,4.8,5.6,0.856,0.5,2.5,3.0,7.0,1.5,0.1,2.0,1.8,17.3,0,89,minimum
392,4,80.5,214.4,83.5,104.0,2016,23,33,33,31.5,6.6,14.8,0.448,2.0,5.2,0.382,3.7,4.5,0.813,1.5,4.9,6.3,1.1,1.0,2.5,1.2,1.5,18.9,0,87,minimum
393,2,76.0,210.4,82.75,102.0,2016,22,31,30,33.0,6.6,14.3,0.462,3.4,7.5,0.444,2.6,3.1,0.853,0.8,6.7,7.5,7.8,1.0,0.2,2.7,1.7,19.2,0,91,average
394,1,75.25,210.0,80.75,100.0,2016,21,34,32,32.3,5.7,15.1,0.379,2.4,6.5,0.365,4.4,5.8,0.76,0.5,3.1,3.6,5.1,1.2,1.4,3.5,2.3,18.2,0,89,minimum
395,3,77.75,217.8,80.25,102.0,2016,21,35,34,26.2,4.7,9.1,0.513,0.7,2.1,0.347,3.2,4.6,0.691,1.4,4.4,5.8,2.0,1.1,0.8,2.7,2.2,13.3,0,86,minimum
396,4,80.75,242.8,84.25,102.5,2016,23,36,36,33.6,7.2,14.7,0.491,2.5,5.7,0.437,3.5,4.1,0.857,1.7,4.6,6.3,1.5,0.4,0.8,2.1,1.8,20.4,0,84,minimum
397,5,82.25,234.0,87.25,108.5,2016,19,26,24,26.2,3.9,8.2,0.477,0.2,0.7,0.294,2.4,3.9,0.624,2.2,6.6,8.7,0.8,0.5,2.0,2.1,3.0,10.5,0,91,minimum
